start : 84960.000000
end: 269784.000000
